2 0.0598922 0.808137 0.117089 0.187414
2 0.493761 0.915807 0.136201 0.168386
2 0.953938 0.491934 0.0772684 0.113574
2 0.245908 0.898365 0.170846 0.201495
2 0.113641 0.496014 0.0996604 0.146788
2 0.647858 0.635716 0.0981206 0.140493
2 0.160784 0.723079 0.119637 0.162854
2 0.283077 0.834464 0.117615 0.214132
2 0.483618 0.601723 0.0903294 0.135823
2 0.916894 0.392788 0.0751686 0.0965408
2 0.631959 0.511377 0.0716906 0.0998381
2 0.697471 0.570176 0.0914756 0.142969
2 0.234598 0.662802 0.110602 0.144908
2 0.769941 0.913532 0.130371 0.171529
2 0.0337526 0.43179 0.0638569 0.118919
2 0.568016 0.543989 0.0953264 0.147933
2 0.211187 0.395803 0.092715 0.151169
7 0.109277 0.33572 0.0772056 0.171312
2 0.349158 0.581992 0.0870731 0.127287
2 0.829645 0.615258 0.0896584 0.140932
2 0.0216476 0.898682 0.0430863 0.202635
2 0.978993 0.292761 0.0414206 0.101192
7 0.381707 0.671444 0.151032 0.219556
2 0.383443 0.669145 0.151542 0.214567
2 0.441606 0.357513 0.0664129 0.0948832
2 0.805999 0.482568 0.054299 0.111777
2 0.374511 0.387341 0.0548607 0.0808781
7 0.550219 0.755803 0.144601 0.255891
7 0.875569 0.547306 0.104837 0.185279
2 0.789391 0.948865 0.158292 0.102271
2 0.477212 0.523954 0.0795984 0.105678
2 0.317415 0.350004 0.0794769 0.131604
2 0.503275 0.479233 0.0665369 0.0732842
7 0.775948 0.787948 0.160868 0.21581
2 0.880845 0.23707 0.0486589 0.0558013
2 0.790909 0.657903 0.107278 0.136719
2 0.565038 0.680951 0.106107 0.110606
2 0.394011 0.302686 0.0546424 0.0760506
2 0.244097 0.349319 0.0692223 0.113972
2 0.670933 0.313468 0.0555221 0.0965898
2 0.806354 0.360089 0.0723766 0.119786
2 0.667814 0.462185 0.0682917 0.0694982
2 0.6344 0.422324 0.0595422 0.0787413
2 0.640151 0.298425 0.0431649 0.0836719
