58 0.694426 0.711901 0.254778 0.525556
58 0.588171 0.535654 0.264411 0.79437
75 0.956923 0.902416 0.0725561 0.153312
58 0.0930248 0.664697 0.133914 0.521425
58 0.50377 0.826037 0.0881022 0.303745
58 0.172968 0.472021 0.335709 0.94384
75 0.725331 0.880309 0.111892 0.190743
58 0.931483 0.795923 0.136402 0.362038
75 0.930895 0.897667 0.124827 0.164305
75 0.227367 0.874249 0.109583 0.193381
58 0.20003 0.638931 0.275064 0.644707
58 0.477385 0.745989 0.155262 0.466911
58 0.503665 0.756368 0.103907 0.453111
75 0.911707 0.894112 0.0872239 0.162629
58 0.352989 0.63896 0.1775 0.652541
75 0.584795 0.834736 0.0971556 0.182239
75 0.843744 0.84892 0.0862541 0.133499
75 0.504039 0.907203 0.0870176 0.142687
